Note,Onset (ms),Offset (ms),Time_duration (ms),Score_duration,Time-Signature,Voice,Movment,Measure,Repeated
0,0,3254.0444444444443,3254.0444444444443,0,0,.,x,x,.
A4,3254.0444444444443,5142.7555555555555,1888.7111111111112,1.25,4/4,x,1,1,0
B4,5142.7555555555555,5415.822222222222,273.0666666666666,0.25,4/4,x,1,1,0
A4,5415.822222222222,5666.133333333334,250.31111111111204,0.25,4/4,x,1,1,0
E4,5666.133333333334,5779.911111111111,113.77777777777646,0.25,4/4,x,1,1,0
A4,5779.911111111111,6098.488888888889,318.57777777777846,0.25,4/4,x,1,1,0
C♯5,6098.488888888889,6280.533333333334,182.0444444444447,0.25,4/4,x,1,1,0
A4,6280.533333333334,6371.555555555555,91.02222222222099,0.25,4/4,x,1,1,0
E4,6371.555555555555,6508.0888888888885,136.53333333333376,0.25,4/4,x,1,1,0
A4,6508.0888888888885,6712.888888888889,204.80000000000018,0.25,4/4,x,1,1,0
B4,6712.888888888889,6849.422222222222,136.53333333333376,0.25,4/4,x,1,1,0
A4,6849.422222222222,7008.711111111112,159.28888888888923,0.25,4/4,x,1,1,0
E4,7008.711111111112,7054.222222222223,45.51111111111095,0.25,4/4,x,1,1,0
A4,7054.222222222223,7213.511111111111,159.28888888888832,0.25,4/4,x,1,2,0
C♯5,7213.511111111111,7281.777777777778,68.26666666666733,0.25,4/4,x,1,2,0
A4,7281.777777777778,7418.311111111111,136.53333333333285,0.25,4/4,x,1,2,0
E4,7418.311111111111,7509.333333333333,91.0222222222219,0.25,4/4,x,1,2,0
A4,7509.333333333333,7714.133333333334,204.8000000000011,0.25,4/4,x,1,2,0
E5,7714.133333333334,7805.155555555555,91.02222222222099,0.25,4/4,x,1,2,0
A4,7805.155555555555,7918.933333333333,113.77777777777828,0.25,4/4,x,1,2,0
E4,7918.933333333333,8009.955555555555,91.0222222222219,0.25,4/4,x,1,2,0
A4,8009.955555555555,8351.288888888888,341.33333333333303,0.25,4/4,x,1,2,0
E5,8351.288888888888,8533.333333333334,182.04444444444562,0.25,4/4,x,1,2,0
F♯5,8533.333333333334,8624.355555555554,91.02222222222008,0.25,4/4,x,1,2,0
D5,8624.355555555554,8647.11111111111,22.755555555555475,0.25,4/4,x,1,2,0
E5,8647.11111111111,8669.866666666667,22.755555555557294,0.25,4/4,x,1,2,0
C♯5,8669.866666666667,8692.622222222222,22.755555555555475,0.25,4/4,x,1,2,0
D5,8692.622222222222,8715.377777777778,22.755555555555475,0.25,4/4,x,1,2,0
B4,8715.377777777778,8738.133333333333,22.755555555555475,0.25,4/4,x,1,2,0
C♯5,8738.133333333333,8760.888888888889,22.755555555555475,0.25,4/4,x,1,3,0
E5,8760.888888888889,8783.644444444444,22.755555555555475,0.25,4/4,x,1,3,0
F♯5,8783.644444444444,8806.4,22.755555555555475,0.25,4/4,x,1,3,0
D5,8806.4,8829.155555555555,22.755555555555475,0.25,4/4,x,1,3,0
E5,8829.155555555555,8851.91111111111,22.755555555555475,0.25,4/4,x,1,3,0
C♯5,8851.91111111111,8874.666666666666,22.755555555555475,0.25,4/4,x,1,3,0
D5,8874.666666666666,8897.422222222222,22.755555555555475,0.25,4/4,x,1,3,0
B4,8897.422222222222,8920.177777777777,22.755555555555475,0.25,4/4,x,1,3,0
C♯5,8920.177777777777,8965.68888888889,45.51111111111277,0.25,4/4,x,1,3,0
A4,8965.68888888889,8988.444444444445,22.755555555555475,0.25,4/4,x,1,3,0
B4,8988.444444444445,9011.2,22.755555555555475,0.25,4/4,x,1,3,0
C♯5,9011.2,9033.955555555556,22.755555555555475,0.25,4/4,x,1,3,0
D5,9033.955555555556,9124.977777777778,91.0222222222219,0.25,4/4,x,1,3,0
E5,9124.977777777778,9147.733333333334,22.755555555555475,0.25,4/4,x,1,3,0
F♯5,9147.733333333334,9170.488888888889,22.755555555555475,0.25,4/4,x,1,3,0
G♯5,9170.488888888889,9193.244444444445,22.755555555555475,0.25,4/4,x,1,3,0
A5,9193.244444444445,9216.0,22.755555555555475,0.25,4/4,x,1,4,0
E5,9216.0,9238.755555555555,22.755555555555475,0.25,4/4,x,1,4,0
C♯5,9238.755555555555,9398.044444444444,159.28888888888832,0.25,4/4,x,1,4,0
A4,9398.044444444444,9420.8,22.755555555555475,0.25,4/4,x,1,4,0
A5,9420.8,9443.555555555555,22.755555555555475,0.25,4/4,x,1,4,0
E5,9443.555555555555,9466.31111111111,22.755555555555475,0.25,4/4,x,1,4,0
C♯5,9466.31111111111,9489.066666666666,22.755555555555475,0.25,4/4,x,1,4,0
A4,9489.066666666666,9511.822222222221,22.755555555555475,0.25,4/4,x,1,4,0
A5,9511.822222222221,9534.577777777777,22.755555555555475,0.5,4/4,x,1,4,0
A4,9534.577777777777,9557.333333333334,22.755555555557294,0.5,4/4,B,1,4,0
0,9557.333333333334,14404.266666666666,4846.9333333333325,1.0,4/4,.,1,4,0
D5,14404.266666666666,14518.044444444444,113.77777777777737,0.25,4/4,x,1,5,0
C♯5,14518.044444444444,14654.577777777778,136.53333333333467,0.25,4/4,x,1,5,0
D5,14654.577777777778,15928.888888888889,1274.3111111111102,1.5,4/4,x,1,5,0
F♯5,15928.888888888889,16065.422222222222,136.53333333333285,0.25,4/4,x,1,5,0
D5,16065.422222222222,16611.555555555555,546.1333333333332,0.75,4/4,x,1,5,0
A5,16611.555555555555,16861.86666666667,250.31111111111386,0.25,4/4,x,1,5,0
D5,16861.86666666667,17430.755555555555,568.8888888888869,0.75,4/4,x,1,5,0
C♯5,17430.755555555555,17772.088888888888,341.3333333333321,0.25,4/4,x,1,6,0
B4,17772.088888888888,17863.11111111111,91.0222222222219,0.25,4/4,x,1,6,0
C♯5,17863.11111111111,19137.422222222223,1274.3111111111139,1.5,4/4,x,1,6,0
E5,19137.422222222223,19228.444444444445,91.0222222222219,0.25,4/4,x,1,6,0
C♯5,19228.444444444445,19842.844444444447,614.4000000000015,0.75,4/4,x,1,6,0
A5,19842.844444444447,19956.62222222222,113.77777777777374,0.25,4/4,x,1,6,0
C♯5,19956.62222222222,20957.86666666667,1001.2444444444482,0.75,4/4,x,1,6,0
D4,20957.86666666667,21344.711111111108,386.84444444443943,0.25,4/4,B,1,7,0
C♯5,21344.711111111108,21526.755555555555,182.04444444444744,0.25,4/4,x,1,7,0
B4,21526.755555555555,21686.044444444444,159.28888888888832,0.25,4/4,x,1,7,0
A4,21686.044444444444,21936.355555555554,250.31111111111022,0.25,4/4,x,1,7,0
F♯5,21936.355555555554,22141.155555555557,204.8000000000029,0.25,4/4,x,1,7,0
C♯5,22141.155555555557,22254.933333333334,113.77777777777737,0.25,4/4,x,1,7,0
B4,22254.933333333334,22414.222222222223,159.28888888888832,0.25,4/4,x,1,7,0
A4,22414.222222222223,22573.51111111111,159.28888888888832,0.25,4/4,x,1,7,0
D4,22573.51111111111,22846.577777777777,273.0666666666657,0.25,4/4,B,1,7,0
C♯5,22846.577777777777,22960.355555555554,113.77777777777737,0.25,4/4,x,1,7,0
B4,22960.355555555554,23096.888888888887,136.53333333333285,0.25,4/4,x,1,7,0
A4,23096.888888888887,23256.17777777778,159.28888888889196,0.25,4/4,x,1,7,0
F♯5,23256.17777777778,23438.222222222223,182.0444444444438,0.25,4/4,x,1,7,0
C♯5,23438.222222222223,23529.244444444445,91.0222222222219,0.25,4/4,x,1,7,0
B4,23529.244444444445,23643.022222222222,113.77777777777737,0.25,4/4,x,1,7,0
A4,23643.022222222222,23825.06666666667,182.04444444444744,0.25,4/4,x,1,7,0
D♯4,23825.06666666667,24166.399999999998,341.3333333333285,0.25,4/4,B,1,8,0
C♯5,24166.399999999998,24280.177777777775,113.77777777777737,0.25,4/4,x,1,8,0
B4,24280.177777777775,24416.71111111111,136.5333333333365,0.25,4/4,x,1,8,0
A4,24416.71111111111,24530.48888888889,113.77777777777737,0.25,4/4,x,1,8,0
A5,24530.48888888889,24689.777777777777,159.28888888888832,0.25,4/4,x,1,8,0
C♯5,24689.777777777777,24780.8,91.0222222222219,0.25,4/4,x,1,8,0
B4,24780.8,24894.577777777777,113.77777777777737,0.25,4/4,x,1,8,0
A4,24894.577777777777,25076.622222222224,182.04444444444744,0.25,4/4,x,1,8,0
D♯4,25076.622222222224,25304.17777777778,227.55555555555475,0.25,4/4,B,1,8,0
C♯5,25304.17777777778,25395.2,91.0222222222219,0.25,4/4,x,1,8,0
B4,25395.2,25486.22222222222,91.02222222221826,0.25,4/4,x,1,8,0
A4,25486.22222222222,25645.51111111111,159.28888888889196,0.25,4/4,x,1,8,0
A5,25645.51111111111,25827.555555555555,182.0444444444438,0.25,4/4,x,1,8,0
C♯5,25827.555555555555,25895.82222222222,68.26666666666642,0.25,4/4,x,1,8,0
B4,25895.82222222222,26009.6,113.77777777777737,0.25,4/4,x,1,8,0
A4,26009.6,26191.644444444446,182.04444444444744,0.25,4/4,x,1,8,0
E4,26191.644444444446,26396.444444444445,204.79999999999927,0.25,4/4,x,1,9,0
G♯4,26396.444444444445,26532.977777777778,136.53333333333285,0.25,4/4,x,1,9,0
B4,26532.977777777778,26692.266666666666,159.28888888888832,0.25,4/4,x,1,9,0
G♯4,26692.266666666666,26828.800000000003,136.5333333333365,0.25,4/4,x,1,9,0
E5,26828.800000000003,26897.066666666666,68.26666666666279,0.25,4/4,x,1,9,0
B4,26897.066666666666,27056.355555555554,159.28888888888832,0.25,4/4,x,1,9,0
G♯5,27056.355555555554,27192.888888888887,136.53333333333285,0.25,4/4,x,1,9,0
E5,27192.888888888887,27283.91111111111,91.0222222222219,0.25,4/4,x,1,9,0
E4,27283.91111111111,27556.977777777778,273.06666666666933,0.25,4/4,x,1,9,0
A4,27556.977777777778,27648.0,91.0222222222219,0.25,4/4,x,1,9,0
C♯5,27648.0,27807.28888888889,159.28888888888832,0.25,4/4,x,1,9,0
A4,27807.28888888889,27921.06666666667,113.77777777778101,0.25,4/4,x,1,9,0
E5,27921.06666666667,28012.08888888889,91.0222222222219,0.25,4/4,x,1,9,0
C♯5,28012.08888888889,28148.622222222224,136.53333333333285,0.25,4/4,x,1,9,0
A5,28148.622222222224,28467.199999999997,318.577777777773,0.25,4/4,x,1,9,0
E5,28467.199999999997,28489.955555555556,22.755555555559113,0.25,4/4,x,1,9,0
E4,28489.955555555556,28694.755555555555,204.79999999999927,0.25,4/4,x,1,10,0
G♯4,28694.755555555555,28808.533333333333,113.77777777777737,0.25,4/4,x,1,10,0
B4,28808.533333333333,28876.8,68.26666666666642,0.25,4/4,x,1,10,0
G♯4,28876.8,29149.86666666667,273.06666666666933,0.25,4/4,x,1,10,0
E5,29149.86666666667,29172.622222222224,22.755555555555475,0.25,4/4,x,1,10,0
B4,29172.622222222224,29309.155555555557,136.53333333333285,0.25,4/4,x,1,10,0
G♯5,29309.155555555557,29513.955555555556,204.79999999999927,0.25,4/4,x,1,10,0
E5,29513.955555555556,29536.71111111111,22.755555555555475,0.25,4/4,x,1,10,0
B5,29536.71111111111,29946.31111111111,409.59999999999854,0.5,4/4,x,1,10,0
E4,29946.31111111111,30310.4,364.08888888889123,0.5,4/4,B,1,10,0
0,30310.4,31698.48888888889,1388.0888888888876,1.0,4/4,.,1,10,0
0,31698.48888888889,31721.244444444445,22.755555555555475,0,0,.,x,x,.
A4,31721.244444444445,32335.644444444446,614.4000000000015,1.0,4/4,u,2,11,0
D5,32335.644444444446,32927.28888888889,591.644444444446,1.0,4/4,u,2,11,0
C♯5,32927.28888888889,33541.68888888889,614.4000000000015,1.0,4/4,u,2,11,0
F♯5,33541.68888888889,34133.333333333336,591.6444444444423,1.0,4/4,u,2,11,0
D5,34133.333333333336,34451.911111111105,318.57777777776937,0.5,4/4,u,2,12,0
B4,34451.911111111105,34770.48888888889,318.5777777777839,0.5,4/4,u,2,12,0
E5,34770.48888888889,35043.555555555555,273.0666666666657,0.5,4/4,u,2,12,0
E4,35043.555555555555,35362.13333333333,318.57777777777665,0.5,4/4,s,2,12,0
A4,35362.13333333333,35680.71111111111,318.57777777777665,0.5,4/4,u,2,12,0
C♯5,35680.71111111111,35999.28888888889,318.5777777777839,0.5,4/4,u,2,12,0
B4,35999.28888888889,36249.6,250.31111111110658,0.5,4/4,u,2,12,0
A4,36249.6,36590.933333333334,341.33333333333576,0.5,4/4,u,2,12,0
E5,36590.933333333334,36909.51111111111,318.57777777777665,0.5,4/4,u,2,13,0
G♯4,36909.51111111111,37205.333333333336,295.8222222222248,0.5,4/4,b,2,13,0
A5,37205.333333333336,37501.15555555555,295.82222222221753,0.5,4/4,u,2,13,0
F♯4,37501.15555555555,37819.73333333333,318.57777777777665,0.5,4/4,B,2,13,0
G♯5,37819.73333333333,38138.31111111111,318.57777777777665,0.5,4/4,u,2,13,0
E4,38138.31111111111,38411.37777777778,273.066666666673,0.5,4/4,B,2,13,0
C♯6,38411.37777777778,38980.26666666666,568.8888888888832,0.5,4/4,u,2,13,0
A4,38980.26666666666,39003.02222222222,22.755555555559113,0.5,4/4,B,2,13,0
A5,39003.02222222222,39298.84444444444,295.82222222221753,0.5,4/4,u,2,14,0
F♯5,39298.84444444444,39571.91111111111,273.066666666673,0.5,4/4,u,2,14,0
B5,39571.91111111111,39867.73333333334,295.8222222222248,0.5,4/4,u,2,14,0
B4,39867.73333333334,40391.11111111111,523.3777777777723,0.5,4/4,s,2,14,0
E5,40391.11111111111,40618.66666666667,227.55555555556202,0.5,4/4,u,2,14,0
G♯4,40618.66666666667,40868.97777777778,250.31111111110658,0.5,4/4,b,2,14,0
C♯5,40868.97777777778,41142.044444444444,273.0666666666657,0.5,4/4,b,2,14,0
B4,41142.044444444444,41415.11111111111,273.0666666666657,0.5,4/4,b,2,14,0
A♯4,41415.11111111111,41710.933333333334,295.8222222222248,0.5,4/4,b,2,15,0
E5,41710.933333333334,41938.48888888889,227.55555555555475,0.25,4/4,u,2,15,0
F♯5,41938.48888888889,41961.24444444445,22.755555555559113,0.125,4/4,u,2,15,0
G5,41961.24444444445,42052.26666666667,91.0222222222219,0.125,4/4,u,2,15,0
F♯5,42052.26666666667,42552.88888888889,500.62222222222044,0.5,4/4,u,2,15,0
E5,42552.88888888889,42598.4,45.51111111111095,0.5,4/4,u,2,15,0
D5,42598.4,42916.97777777778,318.57777777777665,0.5,4/4,u,2,15,0
F♯4,42916.97777777778,43372.08888888889,455.1111111111095,0.5,4/4,b,2,15,0
B4,43372.08888888889,43485.86666666667,113.77777777778101,0.5,4/4,b,2,15,0
A4,43485.86666666667,43690.666666666664,204.79999999999563,0.5,4/4,b,2,15,0
G♯4,43690.666666666664,44032.0,341.33333333333576,0.5,4/4,b,2,16,0
D5,44032.0,44214.044444444444,182.0444444444438,0.25,4/4,u,2,16,0
E5,44214.044444444444,44305.066666666666,91.0222222222219,0.125,4/4,u,2,16,0
F♯5,44305.066666666666,44373.333333333336,68.26666666667006,0.125,4/4,u,2,16,0
E5,44373.333333333336,44805.688888888886,432.3555555555504,0.5,4/4,u,2,16,0
D5,44805.688888888886,44896.71111111111,91.0222222222219,0.5,4/4,u,2,16,0
C♯5,44896.71111111111,45169.777777777774,273.0666666666657,0.5,4/4,u,2,16,0
G4,45169.777777777774,45556.62222222222,386.8444444444467,0.25,4/4,b,2,16,0
A4,45556.62222222222,45579.37777777778,22.755555555559113,0.125,4/4,b,2,16,0
B4,45579.37777777778,45670.4,91.0222222222219,0.125,4/4,b,2,16,0
A4,45670.4,45784.177777777775,113.77777777777374,0.5,4/4,b,2,16,0
G4,45784.177777777775,46717.15555555556,932.9777777777854,0.5,4/4,b,2,16,0
D5,46717.15555555556,47058.48888888889,341.3333333333285,0.5,4/4,u,2,17,0
F♯4,47058.48888888889,47377.066666666666,318.57777777777665,0.5,4/4,B,2,17,0
G5,47377.066666666666,47650.13333333334,273.066666666673,0.5,4/4,u,2,17,0
E4,47650.13333333334,47945.955555555556,295.82222222221753,0.5,4/4,B,2,17,0
F♯5,47945.955555555556,48264.53333333333,318.57777777777665,0.5,4/4,u,2,17,0
D4,48264.53333333333,48560.35555555555,295.82222222221753,0.5,4/4,B,2,17,0
B5,48560.35555555555,48833.42222222222,273.066666666673,0.5,4/4,u,2,17,0
G4,48833.42222222222,49129.24444444445,295.8222222222248,0.5,4/4,B,2,17,0
G5,49129.24444444445,49447.822222222225,318.57777777777665,0.5,4/4,u,2,18,0
E5,49447.822222222225,49720.88888888888,273.0666666666584,0.5,4/4,u,2,18,0
A5,49720.88888888888,49993.955555555556,273.066666666673,0.5,4/4,u,2,18,0
A4,49993.955555555556,50449.066666666666,455.1111111111095,0.5,4/4,s,2,18,0
D4,50449.066666666666,50790.4,341.33333333333576,0.25,4/4,b,2,18,0
D5,50790.4,50904.177777777775,113.77777777777374,0.25,4/4,m,2,18,0
C♯5,50904.177777777775,51086.222222222226,182.04444444445107,0.25,4/4,m,2,18,0
D5,51086.222222222226,51200.0,113.77777777777374,0.25,4/4,m,2,18,0
F♯5,51200.0,51427.555555555555,227.55555555555475,0.25,4/4,m,2,18,0
D5,51427.555555555555,51541.333333333336,113.77777777778101,0.25,4/4,m,2,18,0
C♯5,51541.333333333336,51655.11111111111,113.77777777777374,0.25,4/4,m,2,18,0
D5,51655.11111111111,51882.666666666664,227.55555555555475,0.25,4/4,m,2,18,0
D4,51882.666666666664,52041.955555555556,159.28888888889196,0.25,4/4,B,2,19,0
D5,52041.955555555556,52224.0,182.0444444444438,0.25,4/4,m,2,19,0
C♯5,52224.0,52337.77777777778,113.77777777778101,0.25,4/4,m,2,19,0
D5,52337.77777777778,52497.066666666666,159.28888888888469,0.25,4/4,m,2,19,0
A5,52497.066666666666,52633.6,136.53333333333285,0.25,4/4,u,2,19,0
D5,52633.6,52770.13333333333,136.53333333333285,0.25,4/4,m,2,19,0
C♯5,52770.13333333333,52883.91111111111,113.77777777778101,0.25,4/4,m,2,19,0
D5,52883.91111111111,53065.955555555556,182.0444444444438,0.25,4/4,m,2,19,0
A4,53065.955555555556,53293.51111111111,227.55555555555475,0.25,4/4,b,2,19,0
C♯5,53293.51111111111,53475.55555555556,182.04444444445107,0.25,4/4,m,2,19,0
B4,53475.55555555556,53612.088888888895,136.53333333333285,0.25,4/4,m,2,19,0
C♯5,53612.088888888895,53816.88888888889,204.79999999999563,0.25,4/4,m,2,19,0
E5,53816.88888888889,53907.91111111111,91.0222222222219,0.25,4/4,m,2,19,0
C♯5,53907.91111111111,54044.444444444445,136.53333333333285,0.25,4/4,m,2,19,0
B4,54044.444444444445,54158.22222222222,113.77777777777374,0.25,4/4,m,2,19,0
C♯5,54158.22222222222,54294.75555555555,136.53333333333285,0.25,4/4,m,2,19,0
A4,54294.75555555555,54431.288888888885,136.53333333333285,0.25,4/4,b,2,20,0
C♯5,54431.288888888885,54636.088888888895,204.8000000000102,0.25,4/4,m,2,20,0
B4,54636.088888888895,54727.11111111112,91.0222222222219,0.25,4/4,m,2,20,0
C♯5,54727.11111111112,54909.15555555556,182.0444444444438,0.25,4/4,m,2,20,0
A5,54909.15555555556,55045.68888888889,136.53333333333285,0.25,4/4,u,2,20,0
C♯5,55045.68888888889,55204.97777777778,159.28888888888469,0.25,4/4,m,2,20,0
B4,55204.97777777778,55318.75555555555,113.77777777777374,0.25,4/4,m,2,20,0
C♯5,55318.75555555555,55500.799999999996,182.0444444444438,0.25,4/4,m,2,20,0
G♯4,55500.799999999996,55773.86666666666,273.0666666666657,0.25,4/4,b,2,20,0
D5,55773.86666666666,55887.64444444445,113.77777777778829,0.25,4/4,m,2,20,0
C♯5,55887.64444444445,56001.42222222222,113.77777777777374,0.25,4/4,m,2,20,0
D5,56001.42222222222,56160.711111111115,159.28888888889196,0.25,4/4,m,2,20,0
E5,56160.711111111115,56297.24444444445,136.53333333333285,0.25,4/4,m,2,20,0
D5,56297.24444444445,56411.02222222222,113.77777777777374,0.25,4/4,m,2,20,0
C♯5,56411.02222222222,56502.044444444444,91.0222222222219,0.25,4/4,m,2,20,0
D5,56502.044444444444,56684.08888888889,182.0444444444438,0.25,4/4,m,2,20,0
E4,56684.08888888889,56934.399999999994,250.31111111110658,0.25,4/4,B,2,21,0
D5,56934.399999999994,57048.17777777778,113.77777777778829,0.25,4/4,m,2,21,0
C♯5,57048.17777777778,57139.200000000004,91.0222222222219,0.25,4/4,m,2,21,0
D5,57139.200000000004,57321.24444444445,182.0444444444438,0.25,4/4,m,2,21,0
B5,57321.24444444445,57526.044444444444,204.79999999999563,0.25,4/4,u,2,21,0
D5,57526.044444444444,57617.066666666666,91.0222222222219,0.25,4/4,m,2,21,0
C♯5,57617.066666666666,57730.84444444445,113.77777777778101,0.25,4/4,m,2,21,0
D5,57730.84444444445,57958.399999999994,227.55555555554747,0.25,4/4,m,2,21,0
A4,57958.399999999994,58299.73333333334,341.33333333334303,0.5,4/4,B,2,21,0
C♯6,58299.73333333334,58595.555555555555,295.82222222221753,0.5,4/4,u,2,21,0
D5,58595.555555555555,58868.62222222222,273.0666666666657,0.5,4/4,b,2,21,0
B5,58868.62222222222,59141.688888888886,273.0666666666657,0.5,4/4,u,2,21,0
C♯5,59141.688888888886,59437.51111111111,295.8222222222248,0.5,4/4,b,2,22,0
A5,59437.51111111111,59710.57777777778,273.0666666666657,0.5,4/4,u,2,22,0
F♯5,59710.57777777778,59938.13333333333,227.55555555555475,0.5,4/4,b,2,22,0
A5,59938.13333333333,60324.97777777778,386.8444444444467,0.5,4/4,u,2,22,0
D5,60324.97777777778,60393.24444444444,68.26666666666279,0.25,4/4,b,2,22,0
F♯5,60393.24444444444,60507.02222222223,113.77777777778829,0.25,4/4,u,2,22,0
B4,60507.02222222223,60598.044444444444,91.02222222221462,0.25,4/4,b,2,22,0
D5,60598.044444444444,60802.84444444445,204.8000000000029,0.25,4/4,u,2,22,0
E5,60802.84444444445,60893.86666666667,91.0222222222219,0.25,4/4,b,2,22,0
G♯5,60893.86666666667,61166.933333333334,273.0666666666657,0.25,4/4,u,2,22,0
E4,61166.933333333334,61189.688888888886,22.755555555551837,0.25,4/4,B,2,22,0
D5,61189.688888888886,61303.46666666667,113.77777777778101,0.25,4/4,u,2,22,0
A4,61303.46666666667,61531.02222222222,227.55555555555475,0.25,4/4,b,2,23,0
D5,61531.02222222222,61644.799999999996,113.77777777777374,0.25,4/4,u,2,23,0
C♯5,61644.799999999996,61781.333333333336,136.53333333334012,0.25,4/4,u,2,23,0
B4,61781.333333333336,61872.35555555556,91.0222222222219,0.25,4/4,u,2,23,0
C♯5,61872.35555555556,62145.42222222222,273.0666666666657,0.5,4/4,u,2,23,0
F♯4,62145.42222222222,62464.0,318.57777777777665,0.5,4/4,b,2,23,0
D4,62464.0,62782.57777777778,318.57777777777665,0.5,4/4,B,2,23,0
B5,62782.57777777778,63101.15555555556,318.5777777777839,0.5,4/4,u,2,23,0
E4,63101.15555555556,63351.46666666667,250.31111111110658,0.5,4/4,B,2,23,0
G♯5,63351.46666666667,63715.555555555555,364.0888888888876,0.5,4/4,u,2,23,0
A4,63715.555555555555,64125.15555555555,409.59999999999854,0.5,4/4,B,2,24,0
G5,64125.15555555555,64420.97777777778,295.8222222222248,0.5,4/4,u,2,24,0
D5,64420.97777777778,64671.28888888889,250.31111111111386,0.5,4/4,b,2,24,0
F♯5,64671.28888888889,64967.11111111111,295.82222222221753,0.5,4/4,u,2,24,0
C♯5,64967.11111111111,65194.666666666664,227.55555555555475,0.25,4/4,b,2,24,0
A5,65194.666666666664,65331.2,136.53333333333285,0.25,4/4,u,2,24,0
G♯5,65331.2,65536.0,204.8000000000029,0.25,4/4,u,2,24,0
A5,65536.0,65558.75555555554,22.75555555554456,0.25,4/4,u,2,24,0
F♯5,65558.75555555554,65672.53333333334,113.77777777779556,0.25,4/4,b,2,24,0
A5,65672.53333333334,65854.57777777778,182.0444444444438,0.25,4/4,u,2,24,0
G♯5,65854.57777777778,65991.11111111111,136.53333333332557,0.25,4/4,u,2,24,0
A5,65991.11111111111,66104.88888888889,113.77777777778101,0.25,4/4,u,2,24,0
D5,66104.88888888889,66377.95555555556,273.0666666666657,0.5,4/4,b,2,25,0
B4,66377.95555555556,66901.33333333333,523.3777777777723,0.5,4/4,b,2,25,0
E5,66901.33333333333,66946.84444444445,45.511111111118225,0.5,4/4,b,2,25,0
E4,66946.84444444445,67288.17777777778,341.3333333333285,0.5,4/4,B,2,25,0
A4,67288.17777777778,67720.53333333334,432.35555555556493,0.5,4/4,b,2,25,0
C♯5,67720.53333333334,67857.06666666667,136.53333333332557,0.25,4/4,u,2,25,0
B4,67857.06666666667,67948.08888888889,91.0222222222219,0.25,4/4,u,2,25,0
C♯5,67948.08888888889,68266.66666666667,318.5777777777839,0.5,4/4,u,2,25,0
F♯4,68266.66666666667,68585.24444444444,318.57777777776937,0.5,4/4,b,2,25,0
D4,68585.24444444444,68903.82222222221,318.57777777776937,0.5,4/4,B,2,26,0
B5,68903.82222222221,69290.66666666667,386.84444444446126,0.5,4/4,u,2,26,0
E5,69290.66666666667,69540.97777777778,250.31111111110658,0.5,4/4,b,2,26,0
G♯5,69540.97777777778,70018.84444444445,477.8666666666686,0.5,4/4,u,2,26,0
A4,70018.84444444445,72453.6888888889,2434.8444444444467,1.0,4/4,b,2,26,0
0,72453.6888888889,74478.93333333333,2025.244444444441,1.0,4/4,.,2,26,0
0,74478.93333333333,74501.6888888889,22.755555555559113,0,0,.,x,x,.
A5,74501.6888888889,77983.2888888889,3481.600000000006,1.1666666666666667,4/4,x,3,27,0
E5,77983.2888888889,78051.55555555555,68.26666666664823,0.16666666666666666,4/4,x,3,27,0
C♯5,78051.55555555555,78119.82222222222,68.26666666667734,0.16666666666666666,4/4,x,3,27,0
E5,78119.82222222222,78142.57777777777,22.75555555554456,0.16666666666666666,4/4,x,3,27,0
C♯5,78142.57777777777,78165.33333333334,22.755555555573665,0.16666666666666666,4/4,x,3,27,0
A4,78165.33333333334,78301.86666666667,136.53333333332557,0.16666666666666666,4/4,x,3,27,0
A5,78301.86666666667,78665.95555555556,364.0888888888876,0.16666666666666666,4/4,x,3,27,0
E5,78665.95555555556,78734.22222222223,68.26666666667734,0.16666666666666666,4/4,x,3,27,0
C♯5,78734.22222222223,78870.75555555556,136.53333333332557,0.16666666666666666,4/4,x,3,27,0
E5,78870.75555555556,78939.02222222222,68.26666666666279,0.16666666666666666,4/4,x,3,27,0
C♯5,78939.02222222222,79166.57777777777,227.55555555554747,0.16666666666666666,4/4,x,3,27,0
A4,79166.57777777777,79257.59999999999,91.0222222222219,0.16666666666666666,4/4,x,3,27,0
0,79257.59999999999,80964.26666666666,1706.6666666666715,1.0,4/4,.,3,27,0
G5,80964.26666666666,83535.64444444445,2571.377777777787,1.1666666666666667,4/4,x,3,28,0
E5,83535.64444444445,83558.40000000001,22.755555555559113,0.16666666666666666,4/4,x,3,28,0
C♯5,83558.40000000001,83717.6888888889,159.28888888888469,0.16666666666666666,4/4,x,3,28,0
E5,83717.6888888889,83808.71111111112,91.0222222222219,0.16666666666666666,4/4,x,3,28,0
C♯5,83808.71111111112,83968.0,159.28888888888469,0.16666666666666666,4/4,x,3,28,0
A4,83968.0,84218.3111111111,250.31111111110658,0.16666666666666666,4/4,x,3,28,0
G5,84218.3111111111,84491.37777777777,273.0666666666657,0.16666666666666666,4/4,x,3,28,0
E5,84491.37777777777,84559.64444444445,68.26666666667734,0.16666666666666666,4/4,x,3,28,0
C♯5,84559.64444444445,84741.6888888889,182.0444444444438,0.16666666666666666,4/4,x,3,28,0
E5,84741.6888888889,84832.71111111112,91.0222222222219,0.16666666666666666,4/4,x,3,28,0
C♯5,84832.71111111112,85037.51111111112,204.8000000000029,0.16666666666666666,4/4,x,3,28,0
A4,85037.51111111112,85128.53333333334,91.0222222222219,0.16666666666666666,4/4,x,3,28,0
0,85128.53333333334,87495.11111111111,2366.5777777777694,1.0,4/4,.,3,28,0
F♯5,87495.11111111111,87517.86666666667,22.755555555559113,0.125,4/4,x,3,29,0
C♯5,87517.86666666667,87540.62222222223,22.755555555559113,0.125,4/4,x,3,29,0
D5,87540.62222222223,88359.82222222222,819.1999999999971,0.75,4/4,x,3,29,0
E5,88359.82222222222,88428.08888888889,68.26666666666279,0.125,4/4,x,3,29,0
C♯5,88428.08888888889,88632.88888888889,204.8000000000029,0.125,4/4,x,3,29,0
D5,88632.88888888889,89952.71111111112,1319.8222222222248,0.75,4/4,x,3,29,0
A5,89952.71111111112,90066.48888888888,113.77777777776646,0.125,4/4,x,3,29,0
C♯5,90066.48888888888,90180.26666666666,113.77777777778101,0.125,4/4,x,3,29,0
D5,90180.26666666666,91568.35555555555,1388.0888888888876,0.75,4/4,x,3,29,0
E5,91568.35555555555,91591.11111111111,22.755555555559113,0.125,4/4,x,3,29,0
C♯5,91591.11111111111,91659.37777777777,68.26666666666279,0.125,4/4,x,3,29,0
D5,91659.37777777777,93661.86666666667,2002.4888888888963,0.75,4/4,x,3,29,0
B5,93661.86666666667,97530.31111111112,3868.4444444444525,1.1666666666666667,4/4,x,3,30,0
F♯5,97530.31111111112,97553.06666666667,22.75555555554456,0.16666666666666666,4/4,x,3,30,0
D♯5,97553.06666666667,97575.82222222222,22.755555555559113,0.16666666666666666,4/4,x,3,30,0
F♯5,97575.82222222222,97598.57777777778,22.755555555559113,0.16666666666666666,4/4,x,3,30,0
D♯5,97598.57777777778,97621.33333333334,22.755555555559113,0.16666666666666666,4/4,x,3,30,0
B4,97621.33333333334,98372.26666666666,750.9333333333198,0.16666666666666666,4/4,x,3,30,0
B5,98372.26666666666,98645.33333333334,273.06666666668025,0.16666666666666666,4/4,x,3,30,0
F♯5,98645.33333333334,98668.08888888889,22.75555555554456,0.16666666666666666,4/4,x,3,30,0
D♯5,98668.08888888889,98690.84444444445,22.755555555559113,0.16666666666666666,4/4,x,3,30,0
F♯5,98690.84444444445,98713.6,22.755555555559113,0.16666666666666666,4/4,x,3,30,0
D♯5,98713.6,98736.35555555556,22.755555555559113,0.16666666666666666,4/4,x,3,30,0
B4,98736.35555555556,98804.62222222223,68.26666666666279,0.16666666666666666,4/4,x,3,30,0
0,98804.62222222223,99236.97777777778,432.3555555555504,1.0,4/4,.,3,30,0
A5,99236.97777777778,101512.53333333334,2275.555555555562,1.1666666666666667,4/4,x,3,31,0
F♯5,101512.53333333334,101558.04444444444,45.51111111110367,0.16666666666666666,4/4,x,3,31,0
D♯5,101558.04444444444,101580.8,22.755555555559113,0.16666666666666666,4/4,x,3,31,0
F♯5,101580.8,101603.55555555556,22.755555555559113,0.16666666666666666,4/4,x,3,31,0
D♯5,101603.55555555556,101626.3111111111,22.75555555554456,0.16666666666666666,4/4,x,3,31,0
B4,101626.3111111111,101649.06666666667,22.755555555559113,0.16666666666666666,4/4,x,3,31,0
A5,101649.06666666667,101717.33333333333,68.26666666666279,0.16666666666666666,4/4,x,3,31,0
F♯5,101717.33333333333,101831.11111111111,113.77777777778101,0.16666666666666666,4/4,x,3,31,0
D♯5,101831.11111111111,101922.13333333333,91.0222222222219,0.16666666666666666,4/4,x,3,31,0
F♯5,101922.13333333333,101944.88888888888,22.75555555554456,0.16666666666666666,4/4,x,3,31,0
D♯5,101944.88888888888,101967.64444444445,22.755555555573665,0.16666666666666666,4/4,x,3,31,0
B4,101967.64444444445,101990.4,22.75555555554456,0.16666666666666666,4/4,x,3,31,0
0,101990.4,105085.15555555555,3094.755555555559,1.0,4/4,.,3,31,0
G♯5,105085.15555555555,105631.28888888888,546.1333333333314,0.125,4/4,x,3,32,0
D♯5,105631.28888888888,105654.04444444444,22.755555555559113,0.125,4/4,x,3,32,0
E5,105654.04444444444,106541.5111111111,887.4666666666599,0.75,4/4,x,3,32,0
F♯5,106541.5111111111,106632.53333333333,91.0222222222219,0.125,4/4,x,3,32,0
D♯5,106632.53333333333,106723.55555555555,91.0222222222219,0.125,4/4,x,3,32,0
E5,106723.55555555555,107679.28888888888,955.7333333333372,0.75,4/4,x,3,32,0
B5,107679.28888888888,108157.15555555557,477.86666666668316,0.125,4/4,x,3,32,0
D♯5,108157.15555555557,108179.91111111111,22.75555555554456,0.125,4/4,x,3,32,0
E5,108179.91111111111,109226.66666666667,1046.755555555559,0.75,4/4,x,3,32,0
F♯5,109226.66666666667,109249.42222222222,22.75555555554456,0.125,4/4,x,3,32,0
D♯5,109249.42222222222,109317.6888888889,68.26666666667734,0.125,4/4,x,3,32,0
E5,109317.6888888889,111138.13333333333,1820.444444444438,0.75,4/4,x,3,32,0
F♯4,111138.13333333333,111843.55555555555,705.4222222222161,0.25,4/4,B,3,33,0
D5,111843.55555555555,111889.06666666667,45.511111111118225,0.125,4/4,x,3,33,0
C♯5,111889.06666666667,112093.86666666667,204.8000000000029,0.125,4/4,x,3,33,0
D5,112093.86666666667,112594.4888888889,500.6222222222277,0.25,4/4,x,3,33,0
F♯5,112594.4888888889,112890.31111111112,295.8222222222248,0.25,4/4,x,3,33,0
0,112890.31111111112,113186.13333333333,295.82222222221026,0.25,4/4,.,3,33,0
F♯5,113186.13333333333,113504.7111111111,318.57777777776937,0.25,4/4,x,3,33,0
E5,113504.7111111111,113777.77777777777,273.0666666666657,0.25,4/4,x,3,33,0
D5,113777.77777777777,114073.6,295.82222222223936,0.25,4/4,x,3,33,0
G♯4,114073.6,114688.0,614.3999999999942,0.25,4/4,x,3,33,0
D5,114688.0,114779.02222222222,91.0222222222219,0.125,4/4,x,3,33,0
C♯5,114779.02222222222,114870.04444444444,91.0222222222219,0.125,4/4,x,3,33,0
D5,114870.04444444444,115211.37777777779,341.33333333334303,0.25,4/4,x,3,33,0
F♯5,115211.37777777779,115438.93333333333,227.55555555554747,0.25,4/4,x,3,33,0
0,115438.93333333333,115939.55555555556,500.6222222222277,0.25,4/4,.,3,33,0
F♯5,115939.55555555556,116235.37777777777,295.82222222221026,0.25,4/4,x,3,33,0
E5,116235.37777777777,116667.73333333334,432.35555555556493,0.25,4/4,x,3,33,0
D5,116667.73333333334,117009.06666666667,341.3333333333285,0.25,4/4,x,3,33,0
A4,117009.06666666667,117623.46666666667,614.4000000000087,0.25,4/4,x,3,34,0
C♯5,117623.46666666667,117737.24444444444,113.77777777776646,0.125,4/4,x,3,34,0
B4,117737.24444444444,117805.51111111112,68.26666666667734,0.125,4/4,x,3,34,0
C♯5,117805.51111111112,118124.08888888889,318.57777777776937,0.25,4/4,x,3,34,0
A5,118124.08888888889,118397.15555555555,273.0666666666657,0.25,4/4,x,3,34,0
G♯4,118397.15555555555,118784.0,386.8444444444467,0.25,4/4,x,3,34,0
C♯5,118784.0,119034.3111111111,250.31111111110658,0.25,4/4,x,3,34,0
E5,119034.3111111111,119307.37777777777,273.0666666666657,0.25,4/4,x,3,34,0
A5,119307.37777777777,119625.95555555556,318.5777777777839,0.25,4/4,x,3,34,0
F♯4,119625.95555555556,120126.57777777778,500.6222222222277,0.25,4/4,B,3,34,0
C♯5,120126.57777777778,120240.35555555555,113.77777777776646,0.125,4/4,x,3,34,0
B4,120240.35555555555,120331.37777777777,91.0222222222219,0.125,4/4,x,3,34,0
C♯5,120331.37777777777,120581.6888888889,250.31111111112114,0.25,4/4,x,3,34,0
A5,120581.6888888889,120900.26666666666,318.57777777776937,0.25,4/4,x,3,34,0
E4,120900.26666666666,120968.53333333334,68.26666666667734,0.25,4/4,x,3,34,0
C♯5,120968.53333333334,120991.28888888888,22.75555555554456,0.25,4/4,x,3,34,0
E5,120991.28888888888,121878.75555555556,887.4666666666744,0.25,4/4,x,3,34,0
A5,121878.75555555556,122561.42222222222,682.666666666657,0.25,4/4,x,3,34,0
D♯4,122561.42222222222,124199.82222222222,1638.4000000000087,0.5,4/4,B,3,35,0
0,124199.82222222222,124632.17777777779,432.35555555556493,0.25,4/4,.,3,35,0
C♯5,124632.17777777779,126498.13333333333,1865.9555555555417,0.25,4/4,x,3,35,0
C♯5,126498.13333333333,126520.88888888889,22.755555555559113,0.75,4/4,x,3,35,0
B4,126520.88888888889,126566.40000000001,45.511111111118225,0.125,4/4,x,3,35,0
C♯5,126566.40000000001,126611.91111111111,45.51111111110367,0.125,4/4,x,3,35,0
E4,126611.91111111111,126907.73333333334,295.8222222222248,0.25,4/4,x,3,35,0
B4,126907.73333333334,127453.86666666667,546.1333333333314,0.25,4/4,x,3,35,0
D♯5,127453.86666666667,127613.15555555555,159.28888888888469,0.25,4/4,x,3,35,0
E5,127613.15555555555,127908.97777777778,295.8222222222248,0.25,4/4,x,3,35,0
A4,127908.97777777778,128250.3111111111,341.3333333333285,0.25,4/4,x,3,35,0
C♯5,128250.3111111111,128614.4,364.0888888888876,0.25,4/4,x,3,35,0
D♯5,128614.4,128819.2,204.8000000000029,0.25,4/4,x,3,35,0
E5,128819.2,129137.77777777778,318.5777777777839,0.25,4/4,x,3,35,0
G♯4,129137.77777777778,129524.62222222223,386.8444444444467,0.25,4/4,x,3,36,0
B4,129524.62222222223,130207.28888888888,682.666666666657,0.25,4/4,x,3,36,0
D♯5,130207.28888888888,130525.86666666667,318.5777777777839,0.25,4/4,x,3,36,0
E5,130525.86666666667,130548.62222222224,22.755555555573665,0.25,4/4,x,3,36,0
F♯4,130548.62222222224,130889.95555555556,341.33333333331393,0.25,4/4,x,3,36,0
A4,130889.95555555556,131299.55555555553,409.5999999999767,0.25,4/4,x,3,36,0
D♯5,131299.55555555553,131800.17777777778,500.62222222224227,0.25,4/4,x,3,36,0
E5,131800.17777777778,132346.3111111111,546.1333333333314,0.25,4/4,x,3,36,0
E4,132346.3111111111,136078.22222222222,3731.9111111111124,1.0,4/4,x,3,36,0
0,136078.22222222222,139355.02222222224,3276.8000000000175,1.0,4/4,.,3,36,0
0,139355.02222222224,139377.77777777775,22.755555555515457,0,0,.,x,x,.
C♯5,139377.77777777775,139582.57777777777,204.80000000001746,0.25,3/8,x,4,37,0
D5,139582.57777777777,139741.86666666664,159.28888888887013,0.25,3/8,x,4,37,0
E5,139741.86666666664,139878.4,136.53333333335468,0.25,3/8,x,4,37,0
C♯5,139878.4,140196.9777777778,318.5777777777985,0.25,3/8,x,4,37,0
D5,140196.9777777778,140265.24444444446,68.26666666666279,0.25,3/8,x,4,37,0
B4,140265.24444444446,140288.0,22.75555555554456,0.25,3/8,x,4,37,0
A4,140288.0,140492.8,204.79999999998836,0.25,3/8,x,4,38,0
B4,140492.8,140629.33333333334,136.53333333335468,0.25,3/8,x,4,38,0
A4,140629.33333333334,140788.6222222222,159.28888888887013,0.25,3/8,x,4,38,0
G♯4,140788.6222222222,140902.4,113.77777777778101,0.25,3/8,x,4,38,0
A4,140902.4,141220.9777777778,318.5777777777985,0.5,3/8,x,4,38,0
B4,141220.9777777778,141403.02222222224,182.0444444444438,0.25,3/8,x,4,39,0
C♯5,141403.02222222224,141562.3111111111,159.28888888887013,0.25,3/8,x,4,39,0
D5,141562.3111111111,141789.86666666667,227.55555555556202,0.25,3/8,x,4,39,0
E4,141789.86666666667,141835.3777777778,45.511111111118225,0.25,3/8,x,4,39,0
D5,141835.3777777778,142518.04444444444,682.666666666657,0.5,3/8,x,4,39,0
D5,142518.04444444444,142540.8,22.75555555554456,0.5,3/8,x,4,40,0
C♯5,142540.8,142677.33333333334,136.53333333335468,0.25,3/8,x,4,40,0
B4,142677.33333333334,142791.11111111112,113.77777777778101,0.25,3/8,x,4,40,0
C♯5,142791.11111111112,143132.44444444444,341.33333333331393,0.5,3/8,x,4,40,0
F♯5,143132.44444444444,143428.26666666666,295.8222222222248,0.25,3/8,x,4,41,0
G♯5,143428.26666666666,143451.02222222224,22.755555555573665,0.25,3/8,x,4,41,0
A5,143451.02222222224,143746.84444444443,295.8222222221957,0.25,3/8,x,4,41,0
C♯5,143746.84444444443,143769.6,22.755555555573665,0.25,3/8,x,4,41,0
F♯5,143769.6,144019.9111111111,250.31111111110658,0.25,3/8,x,4,41,0
E5,144019.9111111111,144088.17777777778,68.26666666666279,0.25,3/8,x,4,41,0
D♯5,144088.17777777778,144270.22222222222,182.0444444444438,0.25,3/8,x,4,42,0
E5,144270.22222222222,144361.24444444446,91.02222222223645,0.25,3/8,x,4,42,0
F♯5,144361.24444444446,144543.2888888889,182.0444444444438,0.25,3/8,x,4,42,0
D♯5,144543.2888888889,144657.06666666668,113.77777777778101,0.25,3/8,x,4,42,0
B4,144657.06666666668,144839.11111111112,182.0444444444438,0.25,3/8,x,4,42,0
A4,144839.11111111112,144952.88888888888,113.77777777775191,0.25,3/8,x,4,42,0
G♯4,144952.88888888888,145134.93333333332,182.0444444444438,0.25,3/8,x,4,43,0
E5,145134.93333333332,145248.7111111111,113.77777777778101,0.25,3/8,x,4,43,0
F♯4,145248.7111111111,145544.53333333333,295.8222222222248,0.5,3/8,B,4,43,0
D♯5,145544.53333333333,145931.3777777778,386.84444444446126,0.5,3/8,x,4,43,0
E4,145931.3777777778,146204.44444444444,273.06666666665114,0.25,3/8,x,4,44,0
G♯4,146204.44444444444,146318.22222222222,113.77777777778101,0.25,3/8,x,4,44,0
B4,146318.22222222222,146523.0222222222,204.79999999998836,0.25,3/8,x,4,44,0
E5,146523.0222222222,146682.3111111111,159.28888888889924,0.25,3/8,x,4,44,0
D♯5,146682.3111111111,146750.57777777777,68.26666666666279,0.25,3/8,x,4,44,0
E5,146750.57777777777,146932.6222222222,182.0444444444438,0.25,3/8,x,4,44,0
E4,146932.6222222222,147137.42222222223,204.80000000001746,0.25,3/8,x,4,45,0
A4,147137.42222222223,147251.2,113.77777777778101,0.25,3/8,x,4,45,0
C♯5,147251.2,147478.75555555554,227.55555555553292,0.25,3/8,x,4,45,0
E5,147478.75555555554,147569.77777777778,91.02222222223645,0.25,3/8,x,4,45,0
D♯5,147569.77777777778,147660.8,91.02222222220735,0.25,3/8,x,4,45,0
E5,147660.8,147842.84444444443,182.0444444444438,0.25,3/8,x,4,45,0
E4,147842.84444444443,148047.64444444445,204.80000000001746,0.25,3/8,x,4,46,0
G♯4,148047.64444444445,148161.42222222223,113.77777777778101,0.25,3/8,x,4,46,0
B4,148161.42222222223,148366.22222222225,204.80000000001746,0.25,3/8,x,4,46,0
E5,148366.22222222225,148480.0,113.77777777775191,0.25,3/8,x,4,46,0
D♯5,148480.0,148616.53333333333,136.53333333332557,0.25,3/8,x,4,46,0
E5,148616.53333333333,148798.57777777777,182.0444444444438,0.25,3/8,x,4,46,0
G♯4,148798.57777777777,149048.88888888888,250.31111111110658,0.25,3/8,x,4,47,0
E5,149048.88888888888,149071.64444444445,22.755555555573665,0.25,3/8,x,4,47,0
F♯4,149071.64444444445,149390.22222222225,318.5777777777985,0.5,3/8,B,4,47,0
D♯5,149390.22222222225,149663.2888888889,273.06666666665114,0.5,3/8,x,4,47,0
E5,149663.2888888889,150141.15555555554,477.8666666666395,0.5,3/8,x,4,48,0
E4,150141.15555555554,150505.24444444446,364.0888888889167,0.5,3/8,B,4,48,0
0,150505.24444444446,150869.33333333334,364.0888888888876,0.5,3/8,.,4,48,0
C♯5,150869.33333333334,151119.64444444445,250.31111111110658,0.25,3/8,x,4,37,1
D5,151119.64444444445,151187.9111111111,68.26666666666279,0.25,3/8,x,4,37,1
E5,151187.9111111111,151369.95555555556,182.0444444444438,0.25,3/8,x,4,37,1
C♯5,151369.95555555556,151756.8,386.84444444443216,0.25,3/8,x,4,37,1
D5,151756.8,151779.55555555556,22.755555555573665,0.25,3/8,x,4,37,1
B4,151779.55555555556,151847.82222222222,68.26666666666279,0.25,3/8,x,4,37,1
A4,151847.82222222222,152029.86666666667,182.0444444444438,0.25,3/8,x,4,38,1
B4,152029.86666666667,152211.9111111111,182.0444444444438,0.25,3/8,x,4,38,1
A4,152211.9111111111,152325.6888888889,113.77777777778101,0.25,3/8,x,4,38,1
G♯4,152325.6888888889,152462.22222222222,136.53333333332557,0.25,3/8,x,4,38,1
A4,152462.22222222222,152803.55555555556,341.33333333334303,0.5,3/8,x,4,38,1
B4,152803.55555555556,152940.0888888889,136.53333333332557,0.25,3/8,x,4,39,1
C♯5,152940.0888888889,153099.3777777778,159.28888888889924,0.25,3/8,x,4,39,1
D5,153099.3777777778,153304.17777777778,204.79999999998836,0.25,3/8,x,4,39,1
E4,153304.17777777778,153372.44444444447,68.26666666669189,0.25,3/8,x,4,39,1
D5,153372.44444444447,154032.35555555558,659.9111111111124,0.5,3/8,x,4,39,1
D5,154032.35555555558,154055.1111111111,22.755555555515457,0.5,3/8,x,4,40,1
C♯5,154055.1111111111,154305.42222222223,250.3111111111357,0.25,3/8,x,4,40,1
B4,154305.42222222223,154373.6888888889,68.26666666666279,0.25,3/8,x,4,40,1
C♯5,154373.6888888889,154737.77777777778,364.0888888888876,0.5,3/8,x,4,40,1
F♯5,154737.77777777778,154942.5777777778,204.80000000001746,0.25,3/8,x,4,41,1
G♯5,154942.5777777778,155124.62222222224,182.0444444444438,0.25,3/8,x,4,41,1
A5,155124.62222222224,155238.40000000002,113.77777777778101,0.25,3/8,x,4,41,1
C♯5,155238.40000000002,155397.6888888889,159.28888888887013,0.25,3/8,x,4,41,1
F♯5,155397.6888888889,155534.22222222222,136.53333333332557,0.25,3/8,x,4,41,1
E5,155534.22222222222,155693.51111111112,159.28888888889924,0.25,3/8,x,4,41,1
D♯5,155693.51111111112,155852.8,159.28888888887013,0.25,3/8,x,4,42,1
E5,155852.8,155966.5777777778,113.77777777781012,0.25,3/8,x,4,42,1
F♯5,155966.5777777778,156194.13333333333,227.55555555553292,0.25,3/8,x,4,42,1
D♯5,156194.13333333333,156376.17777777778,182.0444444444438,0.25,3/8,x,4,42,1
B4,156376.17777777778,156444.44444444447,68.26666666669189,0.25,3/8,x,4,42,1
A4,156444.44444444447,156603.73333333334,159.28888888887013,0.25,3/8,x,4,42,1
G♯4,156603.73333333334,156831.28888888887,227.55555555553292,0.25,3/8,x,4,43,1
E5,156831.28888888887,156899.55555555556,68.26666666669189,0.25,3/8,x,4,43,1
F♯4,156899.55555555556,157354.6666666667,455.11111111112405,0.5,3/8,B,4,43,1
D♯5,157354.6666666667,157604.97777777776,250.31111111107748,0.5,3/8,x,4,43,1
E4,157604.97777777776,157764.26666666666,159.28888888889924,0.25,3/8,x,4,44,1
G♯4,157764.26666666666,157832.53333333335,68.26666666669189,0.25,3/8,x,4,44,1
B4,157832.53333333335,158014.5777777778,182.0444444444438,0.25,3/8,x,4,44,1
E5,158014.5777777778,158401.4222222222,386.84444444440305,0.25,3/8,x,4,44,1
D♯5,158401.4222222222,158469.6888888889,68.26666666669189,0.25,3/8,x,4,44,1
E5,158469.6888888889,158628.97777777776,159.28888888887013,0.25,3/8,x,4,44,1
E4,158628.97777777776,158765.51111111112,136.53333333335468,0.25,3/8,x,4,45,1
A4,158765.51111111112,158856.53333333335,91.02222222223645,0.25,3/8,x,4,45,1
C♯5,158856.53333333335,158993.06666666665,136.53333333329647,0.25,3/8,x,4,45,1
E5,158993.06666666665,159357.15555555554,364.0888888888876,0.25,3/8,x,4,45,1
D♯5,159357.15555555554,159402.6666666667,45.51111111114733,0.25,3/8,x,4,45,1
E5,159402.6666666667,159584.71111111113,182.0444444444438,0.25,3/8,x,4,45,1
E4,159584.71111111113,159744.0,159.28888888887013,0.25,3/8,x,4,46,1
G♯4,159744.0,159812.26666666666,68.26666666666279,0.25,3/8,x,4,46,1
B4,159812.26666666666,159880.53333333335,68.26666666669189,0.25,3/8,x,4,46,1
E5,159880.53333333335,160085.3333333333,204.79999999995925,0.25,3/8,x,4,46,1
D♯5,160085.3333333333,160153.6,68.26666666669189,0.25,3/8,x,4,46,1
E5,160153.6,160631.46666666665,477.8666666666395,0.25,3/8,x,4,46,1
G♯4,160631.46666666665,160699.73333333334,68.26666666669189,0.25,3/8,x,4,47,1
E5,160699.73333333334,160972.80000000002,273.06666666668025,0.25,3/8,x,4,47,1
F♯4,160972.80000000002,161223.1111111111,250.31111111107748,0.5,3/8,B,4,47,1
D♯5,161223.1111111111,161245.86666666667,22.755555555573665,0.5,3/8,x,4,47,1
E5,161245.86666666667,161996.80000000002,750.9333333333489,0.5,3/8,x,4,48,1
E4,161996.80000000002,162383.64444444445,386.84444444443216,0.5,3/8,B,4,48,1
0,162383.64444444445,162884.26666666666,500.62222222221317,0.5,3/8,.,4,48,1
D5,162884.26666666666,163202.84444444446,318.5777777777985,0.25,3/8,x,4,49,0
E5,163202.84444444446,163225.59999999998,22.755555555515457,0.25,3/8,x,4,49,0
F♯5,163225.59999999998,163384.8888888889,159.28888888892834,0.25,3/8,x,4,49,0
D5,163384.8888888889,163498.6666666667,113.77777777778101,0.25,3/8,x,4,49,0
E5,163498.6666666667,163680.71111111113,182.0444444444438,0.25,3/8,x,4,49,0
C♯5,163680.71111111113,163840.0,159.28888888887013,0.25,3/8,x,4,49,0
D5,163840.0,164135.82222222222,295.8222222222248,0.5,3/8,x,4,50,0
C♯5,164135.82222222222,164454.4,318.57777777776937,0.5,3/8,x,4,50,0
B4,164454.4,164795.73333333334,341.33333333334303,0.5,3/8,x,4,50,0
C♯5,164795.73333333334,165114.3111111111,318.57777777776937,0.25,3/8,x,4,51,0
D5,165114.3111111111,165137.06666666668,22.755555555573665,0.25,3/8,x,4,51,0
E5,165137.06666666668,165273.59999999998,136.53333333329647,0.25,3/8,x,4,51,0
C♯5,165273.59999999998,165410.13333333333,136.53333333335468,0.25,3/8,x,4,51,0
D5,165410.13333333333,165614.93333333335,204.80000000001746,0.25,3/8,x,4,51,0
B4,165614.93333333335,165705.95555555556,91.02222222220735,0.25,3/8,x,4,51,0
C♯5,165705.95555555556,166024.53333333333,318.57777777776937,0.5,3/8,x,4,52,0
B4,166024.53333333333,166365.86666666667,341.33333333334303,0.5,3/8,x,4,52,0
A4,166365.86666666667,166752.71111111113,386.84444444446126,0.5,3/8,x,4,52,0
F♯5,166752.71111111113,166980.26666666666,227.55555555553292,0.25,3/8,x,4,53,0
E5,166980.26666666666,167071.2888888889,91.02222222223645,0.25,3/8,x,4,53,0
F♯5,167071.2888888889,167276.0888888889,204.79999999998836,0.25,3/8,x,4,53,0
D5,167276.0888888889,167389.86666666667,113.77777777778101,0.25,3/8,x,4,53,0
C♯5,167389.86666666667,167640.17777777778,250.31111111110658,0.25,3/8,x,4,53,0
D5,167640.17777777778,167685.68888888886,45.51111111108912,0.25,3/8,x,4,53,0
A5,167685.68888888886,167913.24444444446,227.55555555559113,0.25,3/8,x,4,54,0
G♯5,167913.24444444446,168049.77777777778,136.53333333332557,0.25,3/8,x,4,54,0
A5,168049.77777777778,168413.86666666667,364.0888888888876,0.25,3/8,x,4,54,0
C♯5,168413.86666666667,168436.6222222222,22.75555555554456,0.25,3/8,x,4,54,0
B4,168436.6222222222,168527.64444444442,91.02222222220735,0.25,3/8,x,4,54,0
A4,168527.64444444442,168777.95555555556,250.3111111111357,0.25,3/8,x,4,54,0
B4,168777.95555555556,169278.57777777777,500.62222222221317,0.5,3/8,x,4,55,0
E4,169278.57777777777,169346.84444444446,68.26666666669189,0.5,3/8,x,4,55,0
G♯4,169346.84444444446,169665.42222222223,318.57777777776937,0.5,3/8,x,4,55,0
A4,169665.42222222223,169870.22222222222,204.79999999998836,0.25,3/8,x,4,56,0
C♯5,169870.22222222222,170052.26666666666,182.0444444444438,0.25,3/8,x,4,56,0
E5,170052.26666666666,170166.04444444444,113.77777777778101,0.25,3/8,x,4,56,0
A5,170166.04444444444,170188.8,22.75555555554456,0.25,3/8,x,4,56,0
G♯5,170188.8,170552.8888888889,364.0888888889167,0.25,3/8,x,4,56,0
A5,170552.8888888889,170598.4,45.51111111108912,0.25,3/8,x,4,56,0
A4,170598.4,170825.95555555556,227.55555555556202,0.25,3/8,x,4,57,0
D5,170825.95555555556,170939.7333333333,113.77777777775191,0.25,3/8,x,4,57,0
F♯5,170939.7333333333,171099.02222222224,159.28888888892834,0.25,3/8,x,4,57,0
A5,171099.02222222224,171212.8,113.77777777775191,0.25,3/8,x,4,57,0
G♯5,171212.8,171531.3777777778,318.5777777777985,0.25,3/8,x,4,57,0
A5,171531.3777777778,171554.13333333333,22.75555555554456,0.25,3/8,x,4,57,0
A4,171554.13333333333,171713.42222222223,159.28888888889924,0.25,3/8,x,4,58,0
C♯5,171713.42222222223,171849.95555555556,136.53333333332557,0.25,3/8,x,4,58,0
E5,171849.95555555556,171986.48888888888,136.53333333332557,0.25,3/8,x,4,58,0
A5,171986.48888888888,172123.02222222224,136.53333333335468,0.25,3/8,x,4,58,0
G♯5,172123.02222222224,172305.06666666668,182.0444444444438,0.25,3/8,x,4,58,0
A5,172305.06666666668,172509.86666666664,204.79999999995925,0.25,3/8,x,4,58,0
F♯5,172509.86666666664,172646.4,136.53333333335468,0.25,3/8,x,4,59,0
E5,172646.4,172782.93333333335,136.53333333335468,0.25,3/8,x,4,59,0
F♯5,172782.93333333335,172964.9777777778,182.0444444444438,0.25,3/8,x,4,59,0
D5,172964.9777777778,173056.0,91.02222222220735,0.25,3/8,x,4,59,0
C♯5,173056.0,173192.53333333333,136.53333333332557,0.25,3/8,x,4,59,0
D5,173192.53333333333,173374.57777777777,182.0444444444438,0.25,3/8,x,4,59,0
A5,173374.57777777777,173556.6222222222,182.0444444444438,0.25,3/8,x,4,60,0
G♯5,173556.6222222222,173579.3777777778,22.755555555573665,0.25,3/8,x,4,60,0
A5,173579.3777777778,173920.7111111111,341.33333333331393,0.25,3/8,x,4,60,0
C♯5,173920.7111111111,174034.48888888888,113.77777777778101,0.25,3/8,x,4,60,0
B4,174034.48888888888,174193.77777777778,159.28888888889924,0.25,3/8,x,4,60,0
A4,174193.77777777778,174307.55555555556,113.77777777778101,0.25,3/8,x,4,60,0
B4,174307.55555555556,174899.2,591.6444444444496,0.5,3/8,x,4,61,0
E4,174899.2,174967.46666666667,68.26666666666279,0.5,3/8,x,4,61,0
G♯4,174967.46666666667,175331.55555555556,364.0888888888876,0.5,3/8,x,4,61,0
A4,175331.55555555556,175991.46666666667,659.9111111111124,0.75,3/8,x,4,62,0
C♯5,175991.46666666667,176332.8,341.33333333331393,0.25,3/8,x,4,62,0
B4,176332.8,176355.55555555556,22.755555555573665,0.25,3/8,x,4,62,0
A4,176355.55555555556,176469.33333333334,113.77777777778101,0.25,3/8,x,4,62,0
D5,176469.33333333334,176696.88888888888,227.55555555553292,0.25,3/8,x,4,49,1
E5,176696.88888888888,176810.66666666666,113.77777777778101,0.25,3/8,x,4,49,1
F♯5,176810.66666666666,176969.95555555556,159.28888888889924,0.25,3/8,x,4,49,1
D5,176969.95555555556,177129.24444444446,159.28888888889924,0.25,3/8,x,4,49,1
E5,177129.24444444446,177288.53333333333,159.28888888887013,0.25,3/8,x,4,49,1
C♯5,177288.53333333333,177470.57777777777,182.0444444444438,0.25,3/8,x,4,49,1
D5,177470.57777777777,177584.35555555555,113.77777777778101,0.5,3/8,x,4,50,1
C♯5,177584.35555555555,178062.22222222222,477.8666666666686,0.5,3/8,x,4,50,1
B4,178062.22222222222,178358.04444444444,295.8222222222248,0.5,3/8,x,4,50,1
C♯5,178358.04444444444,178722.13333333336,364.0888888889167,0.25,3/8,x,4,51,1
D5,178722.13333333336,178813.15555555557,91.02222222220735,0.25,3/8,x,4,51,1
E5,178813.15555555557,178835.9111111111,22.75555555554456,0.25,3/8,x,4,51,1
C♯5,178835.9111111111,178949.6888888889,113.77777777778101,0.25,3/8,x,4,51,1
D5,178949.6888888889,179131.73333333334,182.0444444444438,0.25,3/8,x,4,51,1
B4,179131.73333333334,179245.51111111112,113.77777777778101,0.25,3/8,x,4,51,1
C♯5,179245.51111111112,179609.6,364.0888888888876,0.5,3/8,x,4,52,1
B4,179609.6,179882.66666666666,273.06666666665114,0.5,3/8,x,4,52,1
A4,179882.66666666666,180269.51111111112,386.84444444446126,0.5,3/8,x,4,52,1
F♯5,180269.51111111112,180497.06666666665,227.55555555553292,0.25,3/8,x,4,53,1
E5,180497.06666666665,180565.33333333334,68.26666666669189,0.25,3/8,x,4,53,1
F♯5,180565.33333333334,180747.3777777778,182.0444444444438,0.25,3/8,x,4,53,1
D5,180747.3777777778,180883.9111111111,136.53333333332557,0.25,3/8,x,4,53,1
C♯5,180883.9111111111,181020.44444444444,136.53333333332557,0.25,3/8,x,4,53,1
D5,181020.44444444444,181179.73333333334,159.28888888889924,0.25,3/8,x,4,53,1
A5,181179.73333333334,181657.6,477.8666666666686,0.25,3/8,x,4,54,1
G♯5,181657.6,181680.35555555555,22.75555555554456,0.25,3/8,x,4,54,1
A5,181680.35555555555,181725.86666666667,45.511111111118225,0.25,3/8,x,4,54,1
C♯5,181725.86666666667,181885.15555555554,159.28888888887013,0.25,3/8,x,4,54,1
B4,181885.15555555554,181953.42222222223,68.26666666669189,0.25,3/8,x,4,54,1
A4,181953.42222222223,182135.46666666667,182.0444444444438,0.25,3/8,x,4,54,1
B4,182135.46666666667,182431.2888888889,295.8222222222248,0.5,3/8,x,4,55,1
E4,182431.2888888889,182658.84444444443,227.55555555553292,0.5,3/8,x,4,55,1
G♯4,182658.84444444443,183159.46666666667,500.62222222224227,0.5,3/8,x,4,55,1
A4,183159.46666666667,183364.2666666667,204.80000000001746,0.25,3/8,x,4,56,1
C♯5,183364.2666666667,183500.8,136.53333333329647,0.25,3/8,x,4,56,1
E5,183500.8,183637.33333333334,136.53333333335468,0.25,3/8,x,4,56,1
A5,183637.33333333334,183682.84444444443,45.51111111108912,0.25,3/8,x,4,56,1
G♯5,183682.84444444443,183728.35555555558,45.51111111114733,0.25,3/8,x,4,56,1
A5,183728.35555555558,184137.95555555556,409.5999999999767,0.25,3/8,x,4,56,1
A4,184137.95555555556,184365.51111111112,227.55555555556202,0.25,3/8,x,4,57,1
D5,184365.51111111112,184502.04444444444,136.53333333332557,0.25,3/8,x,4,57,1
F♯5,184502.04444444444,184615.82222222222,113.77777777778101,0.25,3/8,x,4,57,1
A5,184615.82222222222,185002.66666666666,386.84444444443216,0.25,3/8,x,4,57,1
G♯5,185002.66666666666,185025.42222222223,22.755555555573665,0.25,3/8,x,4,57,1
A5,185025.42222222223,185161.95555555556,136.53333333332557,0.25,3/8,x,4,57,1
A4,185161.95555555556,185275.73333333334,113.77777777778101,0.25,3/8,x,4,58,1
C♯5,185275.73333333334,185435.0222222222,159.28888888887013,0.25,3/8,x,4,58,1
E5,185435.0222222222,185480.53333333335,45.51111111114733,0.25,3/8,x,4,58,1
A5,185480.53333333335,185617.06666666665,136.53333333329647,0.25,3/8,x,4,58,1
G♯5,185617.06666666665,185639.82222222222,22.755555555573665,0.25,3/8,x,4,58,1
A5,185639.82222222222,186276.97777777776,637.1555555555387,0.25,3/8,x,4,58,1
F♯5,186276.97777777776,186390.75555555554,113.77777777778101,0.25,3/8,x,4,59,1
E5,186390.75555555554,186413.51111111112,22.755555555573665,0.25,3/8,x,4,59,1
F♯5,186413.51111111112,186504.53333333335,91.02222222223645,0.25,3/8,x,4,59,1
D5,186504.53333333335,186732.0888888889,227.55555555553292,0.25,3/8,x,4,59,1
C♯5,186732.0888888889,186800.35555555558,68.26666666669189,0.25,3/8,x,4,59,1
D5,186800.35555555558,186914.13333333333,113.77777777775191,0.25,3/8,x,4,59,1
A5,186914.13333333333,187369.24444444443,455.11111111109494,0.25,3/8,x,4,60,1
G♯5,187369.24444444443,187414.75555555554,45.511111111118225,0.25,3/8,x,4,60,1
A5,187414.75555555554,187437.51111111112,22.755555555573665,0.25,3/8,x,4,60,1
C♯5,187437.51111111112,187528.53333333335,91.02222222223645,0.25,3/8,x,4,60,1
B4,187528.53333333335,187687.82222222222,159.28888888887013,0.25,3/8,x,4,60,1
A4,187687.82222222222,187892.62222222224,204.80000000001746,0.25,3/8,x,4,60,1
B4,187892.62222222224,188188.44444444447,295.8222222222248,0.5,3/8,x,4,61,1
E4,188188.44444444447,188575.28888888887,386.84444444440305,0.5,3/8,x,4,61,1
G♯4,188575.28888888887,189053.15555555554,477.8666666666686,0.5,3/8,x,4,61,1
A4,189053.15555555554,192011.37777777776,2958.222222222219,1.5,3/8,x,4,63,0
0,192011.37777777776,201796.26666666666,9784.888888888905,0,0,.,x,x,.
